5 96 87 78 93 21 4 92 82 85 87 6 72 69 85 75 81 73 3 22 31 22

average : 75.000000
average : 86.500000
average : 75.833333
average : 25.000000
